100
1 1
2 1
3 0
3 1
3 3
4 1
4 4
5 0
5 3
5 4
6 5
7 1
7 4
7 6
7 7
8 0
8 1
8 4
8 8
9 0
9 2
9 3
9 4
9 8
10 0
10 2
10 4
10 5
10 6
10 9
11 0
11 1
11 6
11 8
11 9
11 10
12 3
12 5
12 6
12 7
12 10
13 1
13 2
13 6
13 8
13 10
13 13
14 0
14 1
14 2
14 3
14 6
14 8
14 10
14 12
14 14
15 1
15 2
15 4
15 5
15 7
15 8
15 9
15 12
15 13
15 14
16 0
16 1
16 2
16 4
16 5
16 9
16 12
16 15
16 16
17 0
17 4
17 7
17 9
17 10
17 11
17 13
17 14
17 15
17 16
18 0
18 1
18 2
18 3
18 4
18 7
18 8
18 10
18 12
18 18
19 0
19 1
19 2
19 5
19 6
19 7
19 10
19 12
19 13
19 14
19 17
19 18
20 1
20 5
20 8
20 10
20 13
20 14
20 16
20 20
21 0
21 3
21 4
21 7
21 12
21 14
21 15
21 16
21 17
21 21
22 1
22 2
22 3
22 5
22 8
22 9
22 10
22 12
22 13
22 14
22 16
22 17
22 19
22 20
22 21
23 1
23 2
23 4
23 5
23 8
23 9
23 10
23 13
23 17
23 18
23 22
23 23
24 2
24 3
24 4
24 7
24 8
24 10
24 13
24 14
24 15
24 16
24 23
24 24
25 0
25 3
25 4
25 8
25 9
25 12
25 13
25 14
25 17
25 19
25 23
26 3
26 4
26 6
26 7
26 8
26 10
26 11
26 19
26 21
26 22
26 24
26 26
27 0
27 4
27 5
27 6
27 8
27 9
27 10
27 11
27 12
27 13
27 14
27 15
27 16
27 20
27 23
27 24
27 25
27 27
28 3
28 6
28 7
28 8
28 9
28 10
28 12
28 13
28 16
28 17
28 18
28 22
28 25
28 26
28 27
28 28
29 3
29 4
29 7
29 8
29 10
29 11
29 12
29 13
29 14
29 17
29 20
29 23
29 24
29 27
30 0
30 3
30 4
30 8
30 11
30 12
30 15
30 19
30 20
30 22
30 23
30 27
30 28
31 2
31 3
31 4
31 9
31 10
31 11
31 12
31 18
31 22
31 23
31 24
31 25
31 26
31 27
32 0
32 1
32 2
32 4
32 13
32 17
32 18
32 19
32 20
32 22
32 25
32 30
32 32
33 0
33 4
33 5
33 8
33 10
33 11
33 13
33 14
33 15
33 16
33 23
33 25
33 28
33 29
33 30
33 31
33 32
34 0
34 2
34 3
34 5
34 8
34 13
34 15
34 16
34 18
34 19
34 22
34 24
34 25
34 27
34 28
34 31
35 0
35 2
35 5
35 7
35 12
35 14
35 15
35 17
35 19
35 21
35 24
35 25
35 26
35 27
35 28
35 31
35 32
35 34
36 2
36 5
36 6
36 7
36 10
36 11
36 13
36 14
36 15
36 23
36 25
36 26
36 29
36 33
36 34
36 36
37 1
37 2
37 4
37 5
37 6
37 9
37 10
37 12
37 16
37 17
37 20
37 22
37 24
37 26
37 28
37 32
37 33
37 34
37 35
37 36
38 1
38 6
38 8
38 9
38 11
38 13
38 14
38 15
38 16
38 18
38 19
38 20
38 22
38 24
38 25
38 28
38 31
38 33
38 34
38 37
38 38
39 2
39 3
39 4
39 7
39 8
39 11
39 13
39 14
39 16
39 18
39 21
39 22
39 24
39 26
39 27
39 29
39 31
39 32
39 33
39 34
39 35
39 36
39 37
39 38
39 39
40 0
40 1
40 5
40 6
40 11
40 12
40 13
40 15
40 16
40 19
40 20
40 21
40 23
40 25
40 28
40 31
40 32
40 34
40 37
40 38
40 39
41 2
41 3
41 6
41 7
41 8
41 9
41 15
41 16
41 18
41 19
41 20
41 21
41 22
41 24
41 26
41 28
41 31
41 35
41 36
41 38
41 40
41 41
42 0
42 1
42 3
42 4
42 5
42 7
42 9
42 11
42 13
42 14
42 16
42 18
42 24
42 28
42 34
42 35
42 36
42 37
42 39
42 42
43 2
43 3
43 4
43 6
43 9
43 11
43 12
43 14
43 18
43 21
43 26
43 27
43 28
43 29
43 30
43 31
43 33
43 35
43 36
43 40
43 43
44 1
44 2
44 4
44 5
44 6
44 8
44 11
44 12
44 13
44 14
44 15
44 22
44 25
44 28
44 29
44 32
44 34
44 38
44 41
44 44
45 3
45 5
45 7
45 8
45 12
45 13
45 14
45 16
45 17
45 19
45 20
45 21
45 23
45 24
45 27
45 29
45 31
45 32
45 35
45 40
45 41
45 44
46 0
46 2
46 11
46 15
46 16
46 18
46 21
46 22
46 23
46 24
46 25
46 26
46 28
46 39
46 40
46 41
46 42
46 43
46 44
46 45
47 2
47 7
47 9
47 11
47 12
47 13
47 14
47 15
47 19
47 21
47 22
47 23
47 24
47 27
47 28
47 30
47 31
47 36
47 37
47 39
47 40
47 43
47 45
47 47
48 0
48 2
48 4
48 5
48 6
48 8
48 9
48 10
48 11
48 15
48 17
48 19
48 26
48 28
48 33
48 34
48 36
48 38
48 43
48 45
48 46
48 47
49 1
49 3
49 8
49 11
49 13
49 16
49 17
49 19
49 21
49 25
49 26
49 27
49 28
49 30
49 31
49 38
49 40
49 41
49 44
49 46
49 48
50 0
50 3
50 7
50 8
50 13
50 15
50 16
50 17
50 28
50 29
50 30
50 32
50 33
50 35
50 36
50 39
50 41
50 43
51 3
51 7
51 8
51 10
51 11
51 14
51 15
51 16
51 18
51 20
51 22
51 23
51 24
51 29
51 31
51 35
51 36
51 38
51 39
51 43
51 46
51 47
51 51
52 2
52 5
52 6
52 7
52 9
52 10
52 11
52 12
52 13
52 14
52 15
52 16
52 17
52 18
52 21
52 22
52 26
52 27
52 28
52 29
52 31
52 32
52 34
52 38
52 39
52 40
52 41
52 43
52 45
52 47
52 48
52 49
53 0
53 2
53 5
53 7
53 8
53 11
53 12
53 13
53 15
53 16
53 17
53 18
53 19
53 23
53 24
53 25
53 27
53 29
53 31
53 35
53 37
53 38
53 39
53 40
53 44
53 46
53 51
53 52
53 53
54 0
54 4
54 6
54 7
54 8
54 10
54 12
54 13
54 14
54 16
54 18
54 20
54 21
54 22
54 26
54 28
54 29
54 30
54 31
54 32
54 33
54 37
54 40
54 41
54 42
54 43
54 44
54 46
54 48
54 51
54 53
55 1
55 5
55 7
55 8
55 10
55 11
55 13
55 15
55 16
55 17
55 18
55 19
55 20
55 21
55 22
55 23
55 29
55 31
55 32
55 33
55 34
55 35
55 36
55 38
55 40
55 41
55 42
55 43
55 44
55 45
55 46
55 47
55 51
55 52
55 53
56 0
56 1
56 3
56 5
56 6
56 7
56 9
56 11
56 12
56 15
56 18
56 19
56 20
56 21
56 22
56 26
56 27
56 28
56 29
56 32
56 36
56 39
56 40
56 41
56 42
56 43
56 44
56 45
56 46
56 48
56 50
56 51
56 54
57 1
57 4
57 9
57 14
57 15
57 16
57 17
57 18
57 19
57 24
57 29
57 30
57 31
57 32
57 33
57 34
57 35
57 36
57 37
57 39
57 42
57 44
57 48
57 49
57 50
57 51
57 54
57 55
57 56
57 57
58 1
58 3
58 4
58 5
58 6
58 7
58 10
58 13
58 14
58 15
58 16
58 19
58 21
58 22
58 23
58 24
58 28
58 29
58 31
58 32
58 35
58 36
58 41
58 42
58 43
58 44
58 46
58 47
58 48
58 50
58 51
58 53
58 55
58 57
59 0
59 1
59 3
59 4
59 5
59 6
59 9
59 11
59 13
59 15
59 17
59 18
59 20
59 23
59 30
59 31
59 33
59 37
59 38
59 40
59 41
59 46
59 47
59 48
59 51
59 54
59 56
59 57
59 58
59 59
60 2
60 3
60 4
60 6
60 9
60 10
60 11
60 14
60 16
60 17
60 18
60 19
60 20
60 21
60 25
60 27
60 28
60 32
60 33
60 35
60 36
60 40
60 41
60 42
60 45
60 46
60 47
60 48
60 49
60 53
60 56
61 0
61 1
61 6
61 8
61 12
61 14
61 17
61 18
61 19
61 21
61 22
61 24
61 25
61 27
61 28
61 29
61 31
61 33
61 36
61 37
61 38
61 40
61 42
61 44
61 45
61 50
61 51
61 53
61 54
61 55
61 56
61 58
62 0
62 1
62 4
62 6
62 7
62 9
62 10
62 11
62 13
62 14
62 15
62 16
62 17
62 19
62 22
62 23
62 25
62 29
62 30
62 32
62 33
62 34
62 37
62 38
62 41
62 42
62 44
62 47
62 48
62 49
62 55
62 59
62 60
62 61
63 1
63 2
63 3
63 5
63 6
63 11
63 12
63 14
63 17
63 19
63 22
63 26
63 27
63 28
63 29
63 33
63 37
63 40
63 43
63 44
63 46
63 47
63 48
63 49
63 50
63 52
63 53
63 54
63 55
63 56
63 58
64 0
64 1
64 2
64 3
64 4
64 5
64 6
64 9
64 10
64 11
64 12
64 13
64 16
64 17
64 18
64 19
64 21
64 23
64 24
64 25
64 31
64 33
64 34
64 35
64 39
64 42
64 44
64 45
64 50
64 52
64 54
64 55
64 59
64 60
64 61
65 1
65 2
65 3
65 4
65 6
65 7
65 8
65 11
65 12
65 13
65 18
65 19
65 21
65 22
65 23
65 24
65 25
65 27
65 28
65 29
65 30
65 32
65 33
65 35
65 38
65 40
65 41
65 48
65 52
65 58
65 61
65 63
65 65
66 0
66 2
66 5
66 6
66 7
66 10
66 11
66 15
66 16
66 24
66 25
66 26
66 27
66 28
66 29
66 32
66 33
66 35
66 36
66 37
66 38
66 40
66 41
66 42
66 45
66 48
66 50
66 51
66 54
66 56
66 57
66 59
66 61
66 63
66 64
66 66
67 0
67 1
67 2
67 3
67 4
67 8
67 10
67 12
67 13
67 15
67 16
67 19
67 20
67 21
67 22
67 23
67 24
67 26
67 40
67 42
67 47
67 48
67 54
67 55
67 62
67 64
67 65
68 3
68 6
68 7
68 8
68 10
68 11
68 12
68 13
68 15
68 17
68 18
68 19
68 21
68 22
68 23
68 26
68 28
68 31
68 32
68 36
68 37
68 38
68 42
68 43
68 46
68 47
68 49
68 53
68 55
68 56
68 59
68 62
68 65
68 66
68 67
69 0
69 8
69 9
69 11
69 12
69 14
69 17
69 18
69 20
69 22
69 26
69 27
69 31
69 32
69 33
69 34
69 37
69 40
69 42
69 43
69 44
69 47
69 48
69 52
69 56
69 61
69 63
69 65
69 66
69 67
69 69
70 0
70 1
70 2
70 7
70 8
70 10
70 11
70 12
70 14
70 15
70 16
70 19
70 20
70 21
70 22
70 24
70 25
70 27
70 28
70 30
70 33
70 36
70 38
70 39
70 42
70 44
70 45
70 46
70 48
70 52
70 57
70 58
70 60
70 62
70 63
70 64
70 67
71 4
71 6
71 8
71 9
71 10
71 14
71 18
71 19
71 20
71 21
71 22
71 23
71 27
71 28
71 29
71 30
71 32
71 35
71 36
71 43
71 44
71 45
71 47
71 48
71 49
71 50
71 51
71 61
71 62
71 64
71 65
71 67
71 68
71 70
72 0
72 3
72 4
72 8
72 10
72 12
72 13
72 15
72 17
72 19
72 20
72 24
72 27
72 31
72 32
72 33
72 34
72 35
72 36
72 37
72 38
72 39
72 42
72 43
72 45
72 48
72 51
72 54
72 59
72 60
72 61
72 63
72 66
72 68
72 70
72 72
73 0
73 2
73 3
73 4
73 7
73 8
73 11
73 12
73 17
73 18
73 21
73 22
73 25
73 26
73 27
73 32
73 35
73 36
73 38
73 40
73 44
73 45
73 47
73 48
73 51
73 55
73 56
73 60
73 61
73 62
73 63
73 65
73 68
73 70
73 71
73 73
74 0
74 2
74 3
74 4
74 5
74 6
74 10
74 11
74 14
74 16
74 18
74 19
74 20
74 21
74 23
74 25
74 29
74 30
74 31
74 33
74 35
74 39
74 40
74 42
74 45
74 49
74 51
74 52
74 53
74 55
74 57
74 58
74 59
74 60
74 61
74 66
74 67
74 68
74 69
74 70
74 71
74 72
74 73
75 3
75 4
75 5
75 7
75 9
75 12
75 15
75 16
75 17
75 20
75 21
75 24
75 25
75 26
75 32
75 33
75 36
75 40
75 42
75 46
75 47
75 50
75 56
75 57
75 58
75 60
75 61
75 65
75 66
75 67
75 69
75 71
75 72
75 73
75 74
75 75
76 0
76 2
76 4
76 6
76 7
76 8
76 9
76 10
76 11
76 13
76 15
76 20
76 21
76 24
76 26
76 27
76 28
76 33
76 34
76 35
76 36
76 39
76 41
76 42
76 44
76 45
76 46
76 48
76 49
76 54
76 55
76 56
76 58
76 59
76 60
76 61
76 63
76 64
76 65
76 69
76 71
76 73
76 74
76 75
76 76
77 2
77 4
77 6
77 7
77 8
77 9
77 11
77 12
77 13
77 16
77 17
77 19
77 20
77 21
77 23
77 25
77 26
77 28
77 30
77 31
77 33
77 34
77 35
77 36
77 39
77 40
77 42
77 43
77 44
77 45
77 46
77 47
77 49
77 51
77 52
77 53
77 56
77 57
77 61
77 62
77 65
77 66
77 68
77 69
77 72
77 73
77 77
78 0
78 1
78 2
78 4
78 5
78 6
78 13
78 14
78 16
78 18
78 20
78 21
78 23
78 28
78 31
78 32
78 33
78 35
78 39
78 42
78 43
78 44
78 48
78 49
78 52
78 53
78 54
78 56
78 58
78 59
78 60
78 64
78 65
78 66
78 67
78 69
78 70
78 71
78 73
78 74
78 76
78 77
79 0
79 3
79 8
79 10
79 11
79 12
79 13
79 14
79 17
79 22
79 26
79 29
79 30
79 31
79 34
79 35
79 37
79 42
79 44
79 46
79 47
79 51
79 54
79 56
79 57
79 60
79 61
79 62
79 67
79 68
79 69
79 71
79 72
79 73
79 75
79 76
79 77
79 79
80 1
80 2
80 3
80 4
80 7
80 11
80 16
80 17
80 18
80 19
80 21
80 26
80 27
80 28
80 30
80 31
80 33
80 36
80 41
80 42
80 44
80 46
80 47
80 48
80 49
80 50
80 52
80 54
80 55
80 56
80 57
80 58
80 61
80 62
80 64
80 65
80 66
80 70
80 72
80 73
80 74
80 76
80 77
80 79
81 1
81 5
81 9
81 11
81 12
81 13
81 16
81 17
81 18
81 19
81 22
81 23
81 24
81 28
81 29
81 30
81 33
81 36
81 38
81 40
81 41
81 43
81 44
81 45
81 47
81 48
81 49
81 51
81 52
81 54
81 55
81 57
81 58
81 59
81 62
81 64
81 65
81 67
81 73
81 74
81 75
81 76
81 77
81 80
81 81
82 0
82 3
82 5
82 12
82 13
82 14
82 15
82 18
82 24
82 25
82 28
82 30
82 32
82 36
82 39
82 40
82 41
82 45
82 49
82 50
82 51
82 54
82 55
82 59
82 61
82 62
82 63
82 64
82 65
82 69
82 72
82 73
82 74
82 76
82 77
82 79
83 0
83 1
83 2
83 3
83 5
83 6
83 8
83 9
83 10
83 12
83 15
83 17
83 18
83 19
83 24
83 25
83 26
83 27
83 28
83 33
83 34
83 37
83 39
83 41
83 43
83 44
83 45
83 46
83 47
83 48
83 49
83 50
83 51
83 52
83 55
83 57
83 58
83 60
83 61
83 62
83 63
83 64
83 66
83 68
83 70
83 74
83 75
83 77
83 78
83 82
83 83
84 0
84 1
84 2
84 4
84 6
84 9
84 11
84 13
84 14
84 15
84 16
84 17
84 18
84 20
84 22
84 23
84 24
84 25
84 29
84 30
84 31
84 34
84 35
84 37
84 38
84 39
84 41
84 42
84 45
84 48
84 49
84 52
84 53
84 54
84 55
84 58
84 59
84 60
84 61
84 63
84 67
84 70
84 71
84 72
84 74
84 75
84 81
84 83
84 84
85 5
85 8
85 9
85 10
85 11
85 13
85 15
85 16
85 18
85 19
85 20
85 22
85 25
85 29
85 30
85 31
85 32
85 33
85 34
85 36
85 37
85 38
85 39
85 41
85 42
85 43
85 44
85 45
85 46
85 48
85 49
85 50
85 54
85 55
85 57
85 58
85 61
85 62
85 65
85 66
85 68
85 69
85 72
85 74
85 76
85 80
85 83
86 0
86 3
86 6
86 8
86 10
86 11
86 12
86 13
86 14
86 17
86 18
86 19
86 21
86 22
86 23
86 24
86 25
86 26
86 30
86 31
86 32
86 34
86 37
86 38
86 43
86 47
86 48
86 49
86 50
86 53
86 54
86 58
86 61
86 63
86 65
86 66
86 70
86 72
86 73
86 76
86 79
86 81
86 82
86 84
86 85
87 3
87 5
87 6
87 8
87 10
87 12
87 13
87 15
87 16
87 17
87 18
87 21
87 22
87 23
87 26
87 31
87 32
87 34
87 36
87 37
87 40
87 44
87 45
87 47
87 51
87 52
87 56
87 57
87 59
87 61
87 65
87 66
87 69
87 73
87 75
87 76
87 77
87 81
87 82
87 83
87 84
87 86
88 1
88 3
88 4
88 5
88 6
88 8
88 10
88 11
88 12
88 13
88 17
88 18
88 21
88 24
88 25
88 28
88 29
88 34
88 36
88 37
88 39
88 41
88 44
88 46
88 48
88 49
88 52
88 54
88 55
88 56
88 58
88 60
88 64
88 67
88 71
88 73
88 74
88 75
88 77
88 80
88 82
88 83
88 85
89 1
89 2
89 3
89 5
89 6
89 7
89 8
89 9
89 11
89 12
89 13
89 18
89 21
89 23
89 26
89 27
89 28
89 29
89 31
89 36
89 38
89 40
89 45
89 47
89 50
89 51
89 53
89 54
89 55
89 56
89 57
89 59
89 62
89 63
89 64
89 66
89 68
89 69
89 70
89 71
89 73
89 75
89 76
89 78
89 80
89 81
89 84
89 87
89 88
89 89
90 0
90 1
90 2
90 8
90 9
90 10
90 11
90 13
90 16
90 19
90 21
90 22
90 26
90 29
90 32
90 33
90 41
90 42
90 45
90 46
90 47
90 50
90 55
90 57
90 58
90 63
90 68
90 69
90 71
90 72
90 73
90 75
90 76
90 78
90 79
90 80
90 82
90 86
90 87
90 88
91 0
91 5
91 6
91 8
91 11
91 14
91 16
91 19
91 20
91 22
91 23
91 24
91 27
91 28
91 30
91 33
91 34
91 36
91 39
91 40
91 41
91 42
91 43
91 45
91 47
91 49
91 51
91 53
91 54
91 55
91 56
91 57
91 58
91 59
91 60
91 64
91 65
91 70
91 71
91 72
91 73
91 76
91 77
91 78
91 81
91 84
91 85
91 86
91 88
91 89
91 91
92 1
92 2
92 4
92 5
92 7
92 9
92 10
92 11
92 12
92 14
92 16
92 18
92 19
92 25
92 26
92 27
92 31
92 32
92 33
92 34
92 35
92 38
92 39
92 40
92 43
92 46
92 47
92 49
92 50
92 51
92 56
92 57
92 58
92 61
92 64
92 66
92 70
92 71
92 74
92 76
92 77
92 78
92 79
92 80
92 81
92 82
92 85
92 86
92 87
92 90
92 92
93 0
93 2
93 5
93 8
93 10
93 11
93 13
93 17
93 18
93 21
93 22
93 23
93 26
93 28
93 29
93 30
93 31
93 32
93 33
93 34
93 36
93 38
93 42
93 45
93 47
93 48
93 50
93 51
93 52
93 53
93 54
93 56
93 61
93 64
93 65
93 67
93 70
93 72
93 75
93 77
93 78
93 80
93 81
93 82
93 83
93 85
93 86
93 87
93 89
93 90
94 0
94 1
94 4
94 6
94 9
94 11
94 13
94 14
94 16
94 17
94 20
94 22
94 24
94 25
94 26
94 27
94 29
94 30
94 31
94 32
94 35
94 36
94 37
94 39
94 41
94 42
94 43
94 45
94 46
94 47
94 49
94 50
94 51
94 54
94 57
94 59
94 60
94 61
94 67
94 68
94 69
94 70
94 72
94 73
94 75
94 77
94 78
94 81
94 83
94 84
94 86
94 89
94 90
94 91
94 92
94 93
94 94
95 0
95 1
95 2
95 4
95 6
95 7
95 11
95 17
95 18
95 19
95 22
95 25
95 29
95 30
95 31
95 34
95 35
95 37
95 38
95 39
95 40
95 41
95 44
95 45
95 46
95 47
95 48
95 51
95 53
95 54
95 57
95 58
95 60
95 61
95 63
95 64
95 67
95 70
95 72
95 73
95 74
95 75
95 76
95 77
95 78
95 79
95 80
95 82
95 87
95 88
95 89
95 90
95 92
95 94
95 95
96 0
96 5
96 9
96 11
96 12
96 14
96 15
96 18
96 19
96 22
96 25
96 29
96 30
96 32
96 34
96 37
96 38
96 39
96 40
96 41
96 42
96 43
96 46
96 50
96 54
96 57
96 61
96 62
96 63
96 65
96 66
96 67
96 68
96 69
96 70
96 71
96 72
96 74
96 76
96 77
96 78
96 80
96 81
96 83
96 85
96 89
96 91
96 93
96 94
96 95
96 96
97 1
97 2
97 3
97 4
97 5
97 6
97 7
97 9
97 10
97 14
97 16
97 17
97 18
97 19
97 20
97 24
97 25
97 27
97 28
97 32
97 33
97 34
97 40
97 41
97 42
97 43
97 45
97 46
97 47
97 48
97 49
97 51
97 54
97 57
97 58
97 59
97 60
97 61
97 63
97 64
97 65
97 67
97 70
97 71
97 73
97 74
97 75
97 78
97 79
97 83
97 85
97 87
97 88
97 90
97 92
97 93
97 95
97 96
98 3
98 4
98 7
98 9
98 10
98 12
98 13
98 14
98 16
98 17
98 19
98 20
98 21
98 22
98 23
98 24
98 25
98 26
98 30
98 31
98 33
98 34
98 37
98 38
98 39
98 40
98 42
98 44
98 45
98 48
98 50
98 55
98 56
98 58
98 59
98 61
98 62
98 64
98 65
98 66
98 68
98 70
98 71
98 73
98 74
98 75
98 76
98 77
98 78
98 79
98 80
98 81
98 82
98 83
98 84
98 90
98 92
98 93
98 94
98 95
98 96
99 0
99 5
99 6
99 7
99 13
99 16
99 17
99 20
99 21
99 23
99 26
99 27
99 28
99 29
99 30
99 31
99 32
99 33
99 36
99 37
99 38
99 42
99 45
99 46
99 47
99 48
99 50
99 52
99 54
99 55
99 56
99 61
99 62
99 63
99 64
99 66
99 67
99 69
99 70
99 71
99 75
99 76
99 77
99 78
99 79
99 82
99 83
99 86
99 94
99 95
99 97
99 98
99 99
